1732328873944 675.026611328125 0
1732328874640 552.0301468348739 100
1732328874807 497.5277404785156 122
1732328875533 354.2918655848739 222
1732328875683 278.6890563964844 244
1732328876335 290.02603119198636 344
1732328876490 227.5366668701172 366
1732328877147 272.2474499693011 466
1732328877310 251.24667358398438 488
1732328877962 265.1963908884785 588
1732328878116 272.9761657714844 610
1732328878780 265.0581110586034 710
1732328878939 322.4665832519531 732
1732328879601 265.1537064656173 832
1732328879763 275.64630126953125 854
1732328880424 264.09466703811495 954
1732328880577 209.69024658203125 976
1732328881276 263.2159469151261 1076
1732328881439 221.49566650390625 1098
1732328882188 263.6717038296237 1198
1732328882356 230.49398803710938 1220
1732328883078 262.8911620791596 1320
1732328883237 188.1174774169922 1342
1732328883931 264.40366914956877 1442
1732328884109 306.6412048339844 1464
1732328884923 262.4129315366839 1564
1732328885107 264.04071044921875 1586
1732328885883 262.6821943226427 1686
1732328886048 234.8168182373047 1708
1732328886729 268.2249083566194 1808
1732328886897 204.07615661621094 1830
1732328887639 264.0862129135887 1930
1732328887796 258.4837341308594 1952
1732328888475 261.2110952245127 2052
1732328888674 276.2742614746094 2074
1732328889393 264.47840095746636 2174
1732328889558 249.48641967773438 2196
1732328890233 265.06777032531136 2296
1732328890391 239.26268005371094 2318
1732328891286 261.98928017191366 2418
1732328891463 300.2474670410156 2440
1732328892137 263.396526072285 2540
1732328892307 255.51800537109375 2562
1732328893055 265.3051328753481 2662
1732328893221 281.9723815917969 2684
1732328893911 261.74443008876085 2784
1732328894087 264.7004699707031 2806
1732328894810 265.96164982861814 2906
1732328894979 288.4236755371094 2928
1732328895736 265.3868607624923 3028
1732328895895 312.1432800292969 3050
1732328896670 263.6852329367458 3150
1732328896867 248.84173583984375 3172
1732328897655 263.9765757947865 3272
1732328897886 238.8268585205078 3294
1732328898706 263.5685110564279 3394
1732328898902 319.1237487792969 3416
1732328899710 265.9738956866878 3516
1732328899897 270.53204345703125 3538
1732328900692 264.22912476794556 3638
1732328900883 216.0755615234375 3660
1732328901675 263.9464892396833 3760
1732328901875 241.64805603027344 3782
1732328902688 265.3290313116395 3882
1732328902924 321.5750427246094 3904
1732328903725 263.45505833389734 4004
1732328903917 226.7065887451172 4026
1732328904706 263.10146263802403 4126
1732328904899 247.93638610839844 4148
1732328905739 263.8066796028968 4248
1732328905936 218.48863220214844 4270
1732328906700 263.3907281856726 4370
1732328906889 294.3749084472656 4392
1732328908044 264.45791973453936 4492
1732328908275 245.4011993408203 4514
1732328909165 263.97731879205986 4614
1732328909357 215.6375732421875 4636
1732328910112 264.05370353472114 4736
1732328910300 252.766357421875 4758
1732328911123 266.10593497399054 4858
1732328911314 285.19219970703125 4880
1732328912207 264.8949355323716 4980
1732328912388 274.1851806640625 5002
1732328913227 264.5349038001334 5102
1732328913428 259.2893371582031 5124
1732328914204 265.94224926032643 5224
1732328914402 288.9532470703125 5246
1732328915175 264.51292827341814 5346
1732328915355 254.11380004882812 5368
1732328916207 264.04010085304185 5468
1732328916390 269.7689208984375 5490
1732328917184 264.2721179924389 5590
1732328917363 187.87391662597656 5612
1732328918201 266.36279327090426 5712
1732328918387 316.8016052246094 5734
1732328919160 265.35059439781867 5834
1732328919348 226.24156188964844 5856
1732328920122 263.546804144831 5956
1732328920316 314.1846618652344 5978
1732328921127 261.7216641265567 6078
