1732329338314 817.4786376953125 0
1732329339390 589.9052900559832 100
1732329339703 479.5432434082031 122
1732329340816 418.1051798905477 222
1732329341053 421.543212890625 244
1732329342116 347.65517342444696 344
1732329342367 219.7623291015625 366
1732329343498 304.081831374971 466
1732329343748 275.351318359375 488
1732329344936 282.23060894956683 588
1732329345200 241.50196838378906 610
1732329346364 274.142581901928 710
1732329346649 201.17979431152344 732
1732329347829 267.10634001174776 832
1732329348094 256.5604553222656 854
1732329349267 265.1669284329556 954
1732329349516 254.55650329589844 976
1732329350777 264.93866495566795 1076
1732329351050 309.2686767578125 1098
1732329352188 263.7187149501083 1198
1732329352469 243.47445678710938 1220
1732329353636 264.44761280022044 1320
1732329353884 217.03085327148438 1342
1732329355057 266.19338158333653 1442
1732329355387 247.6513671875 1464
1732329356550 260.46013648911276 1564
1732329356813 256.3213195800781 1586
1732329357966 265.8650780101814 1686
1732329358233 265.0301208496094 1708
1732329359351 267.1152725975112 1808
1732329359607 214.95553588867188 1830
1732329360847 263.96714102867804 1930
1732329361115 269.2300109863281 1952
1732329362257 263.4644563882658 2052
1732329362524 259.50384521484375 2074
1732329363747 263.2551113921817 2174
1732329364031 291.93585205078125 2196
1732329365189 267.0822926134166 2296
1732329365480 281.08624267578125 2318
1732329366751 264.2787170410156 2418
1732329367014 290.4927978515625 2440
1732329368153 264.606995535369 2540
1732329368420 231.45420837402344 2562
1732329369583 266.04245206625154 2662
1732329369858 264.5262145996094 2684
1732329371084 264.96583179436107 2784
1732329371374 231.79949951171875 2806
1732329372551 265.0240546500329 2906
1732329372824 317.4458312988281 2928
1732329374022 263.82097678609415 3028
1732329374323 332.98931884765625 3050
1732329375491 264.96202465095143 3150
1732329375763 260.3872375488281 3172
1732329377059 262.9917082833772 3272
1732329377326 275.2602844238281 3294
1732329378484 263.387424582302 3394
1732329378738 252.75466918945312 3416
1732329379916 263.5813027561301 3516
1732329380181 254.8433074951172 3538
1732329381396 262.3499647083849 3638
1732329381672 221.6722412109375 3660
1732329382830 262.85971129766784 3760
1732329383126 296.9620666503906 3782
1732329384282 263.83312973173537 3882
1732329384541 297.4042053222656 3904
1732329385722 261.4597761701829 4004
1732329386011 249.9849395751953 4026
1732329387272 266.58138056084664 4126
1732329387530 294.4573059082031 4148
1732329388671 267.1482051433903 4248
1732329388936 332.7342834472656 4270
1732329390102 262.8095756001992 4370
1732329390381 232.23965454101562 4392
1732329391642 267.04440519125154 4492
1732329391997 215.46336364746094 4514
1732329393312 264.3510444565575 4614
1732329393609 285.8104248046875 4636
1732329394850 264.35197584699876 4736
1732329395136 194.7329864501953 4758
1732329396414 267.42246858200224 4858
1732329396693 272.84381103515625 4880
1732329398076 263.13915894763306 4980
1732329398365 207.42698669433594 5002
1732329399585 263.30165734621556 5102
1732329399866 201.19448852539062 5124
1732329401095 264.91440559613824 5224
1732329401372 228.62313842773438 5246
1732329402709 262.71344477587405 5346
1732329403042 244.14141845703125 5368
1732329404325 264.16317174930384 5468
1732329404606 269.9571533203125 5490
1732329405911 263.4821792451462 5590
1732329406182 251.03353881835938 5612
1732329407451 263.87407540802906 5712
1732329407799 287.5242919921875 5734
1732329409017 265.1763370627224 5834
1732329409285 272.17315673828125 5856
1732329410525 263.9640711416112 5956
1732329410804 223.27268981933594 5978
1732329412060 262.34979776816795 6078
1732329412351 326.06317138671875 6100
1732329413746 263.01324009659265 6200
1732329414022 206.95736694335938 6222
1732329415302 263.60925655553837 6322
1732329415588 198.26498413085938 6344
1732329416886 262.3749706910388 6444
1732329417183 249.48623657226562 6466
1732329418537 263.97513874922646 6566
1732329418814 183.04153442382812 6588
1732329420058 262.1347772579382 6688
1732329420332 341.4428405761719 6710
1732329421589 262.2649486277363 6810
1732329421865 342.69329833984375 6832
1732329423111 266.0187038006169 6932
1732329423554 304.79180908203125 6954
1732329424828 263.70101430156444 7054
1732329425113 215.7226104736328 7076
1732329426425 264.69871460565247 7176
1732329426717 289.44952392578125 7198
1732329427953 263.26673088451423 7298
1732329428233 245.1977996826172 7320
1732329429576 265.6630546645363 7420
1732329429867 221.70970153808594 7442
1732329431153 262.2965856873163 7542
1732329431452 344.2690124511719 7564
1732329432706 263.8579382565942 7664
1732329432993 225.34396362304688 7686
1732329434418 264.4810250159537 7786
1732329434696 288.50665283203125 7808
1732329436005 262.27913854617884 7908
1732329436291 212.19284057617188 7930
1732329437517 263.8053570737933 8030
1732329437802 183.38778686523438 8052
1732329439117 262.3812943260268 8152
1732329439446 226.41864013671875 8174
1732329440692 263.72879572197945 8274
1732329440971 282.65447998046875 8296
1732329442236 265.259043325292 8396
1732329442519 216.09368896484375 8418
1732329443807 263.32687967130454 8518
1732329444106 196.3168182373047 8540
1732329445465 262.3168892435508 8640
1732329445764 257.77911376953125 8662
1732329447041 266.63827121847925 8762
1732329447331 253.33694458007812 8784
1732329448651 264.4811257843924 8884
1732329448927 225.53656005859375 8906
1732329450294 264.66325061156016 9006
1732329450605 301.669189453125 9028
1732329451888 264.20071380917386 9128
1732329452167 265.4041748046875 9150
1732329453482 264.7846232499227 9250
1732329453776 241.06332397460938 9272
1732329455155 262.77357769956683 9372
1732329455491 262.05938720703125 9394
1732329456929 263.8125338412747 9494
1732329457226 273.35894775390625 9516
1732329458533 261.1251776666924 9616
1732329458807 274.8906555175781 9638
1732329460132 263.9747873438467 9738
1732329460491 289.8185119628906 9760
1732329461838 262.75575739794436 9860
1732329462175 256.9328308105469 9882
1732329463575 261.4647537080368 9982
1732329463858 340.3683776855469 10004
1732329465225 263.2816601743792 10104
1732329465591 246.5537109375 10126
1732329466992 264.24987687214764 10226
1732329467298 303.9111328125 10248
1732329468598 264.5282434142462 10348
1732329468934 250.93350219726562 10370
1732329470191 261.5662134755956 10470
1732329470485 238.99742126464844 10492
1732329471843 267.34303842676746 10592
1732329472129 273.24462890625 10614
1732329473448 265.29375435102105 10714
1732329473723 253.11183166503906 10736
1732329474987 264.61022677279936 10836
1732329475269 205.88404846191406 10858
1732329476679 262.6782524184425 10958
1732329476980 239.83041381835938 10980
1732329478218 263.165184549766 11080
1732329478507 310.91778564453125 11102
1732329479781 263.8165864850035 11202
1732329480076 245.8115234375 11224
1732329481436 263.6478902986734 11324
1732329481729 245.39678955078125 11346
1732329483084 260.3424489238475 11446
1732329483432 278.2630310058594 11468
1732329484695 265.5574593119102 11568
1732329484980 337.88763427734375 11590
1732329486294 261.9464020681853 11690
1732329486659 159.91864013671875 11712
1732329487918 265.9711962407178 11812
1732329488192 293.34295654296875 11834
1732329489441 265.30551917954244 11934
1732329489740 248.204833984375 11956
1732329490984 265.7815666576423 12056
1732329491270 275.3656921386719 12078
1732329492667 262.38654244300164 12178
