1732329560193 691.7404174804688 0
1732329561235 598.8165005221225 100
1732329561519 359.52398681640625 122
1732329562568 428.62817292166227 222
1732329562812 329.4372253417969 244
1732329563916 351.2020014394628 344
1732329564148 278.4679870605469 366
1732329565238 311.05277516582225 466
1732329565466 329.2603759765625 488
1732329566535 283.5235764909499 588
1732329566823 285.7740173339844 610
1732329567871 273.47015003166575 710
1732329568118 232.90969848632812 732
1732329569160 267.37411786069964 832
1732329569404 289.3935546875 854
1732329570463 264.63658973014003 954
1732329570715 300.493408203125 976
1732329571855 262.8526564494218 1076
1732329572115 308.117919921875 1098
1732329573204 266.2928592190884 1198
1732329573472 252.2350311279297 1220
1732329574509 264.2689388766147 1320
1732329574755 229.9530487060547 1342
1732329575848 264.74965690386176 1442
1732329576132 285.87249755859375 1464
1732329577286 263.00771399771816 1564
1732329577521 314.1697692871094 1586
1732329578596 263.23385650332614 1686
1732329578840 276.5145568847656 1708
1732329579893 262.9911619885133 1808
1732329580130 237.11318969726562 1830
1732329581193 263.49110095335703 1930
1732329581451 224.23963928222656 1952
1732329582666 263.2582327965463 2052
1732329582907 375.6605224609375 2074
1732329584074 265.2233170613204 2174
1732329584317 286.1458740234375 2196
1732329585409 264.4609654492671 2296
1732329585659 266.097412109375 2318
1732329586814 265.7150637182859 2418
1732329587064 199.30728149414062 2440
1732329588221 265.72818567257116 2540
1732329588470 306.8773498535156 2562
1732329589596 265.7527461287999 2662
1732329589875 237.95606994628906 2684
1732329591121 264.1972266471032 2784
1732329591441 233.18499755859375 2806
1732329593007 261.3713702211286 2906
1732329593392 244.62692260742188 2928
1732329594714 263.40540517674816 3028
1732329595001 303.8692321777344 3050
1732329596317 266.182102316677 3150
1732329596600 200.4586944580078 3172
1732329597843 264.4625537230237 3272
1732329598191 228.85052490234375 3294
1732329599387 261.7326261312655 3394
1732329599694 298.71307373046875 3416
1732329600912 263.04916140112545 3516
1732329601184 243.040771484375 3538
1732329602368 266.0283070177135 3638
1732329602636 345.21405029296875 3660
1732329604068 260.92239243913406 3760
1732329604376 266.43499755859375 3782
1732329605592 263.77941078714804 3882
1732329605859 239.59881591796875 3904
1732329607112 264.30506972511216 4004
1732329607392 248.2764129638672 4026
1732329608671 262.01593576563465 4126
1732329608959 229.31008911132812 4148
1732329610163 263.14542804378095 4248
1732329610433 179.21551513671875 4270
1732329611629 264.5394497106571 4370
1732329611906 290.8462829589844 4392
1732329613104 264.57426029620785 4492
1732329613440 186.9365997314453 4514
1732329614802 263.7874390252746 4614
1732329615097 255.4311981201172 4636
1732329616360 264.0930153119682 4736
1732329616623 279.27740478515625 4758
1732329617834 264.70941011032255 4858
1732329618106 339.56781005859375 4880
1732329619426 266.27327010655165 4980
1732329619729 237.76734924316406 5002
1732329620914 263.28796341395616 5102
1732329621191 315.72039794921875 5124
1732329622401 263.09011659527766 5224
1732329622665 214.38583374023438 5246
1732329623952 260.87353832886953 5346
1732329624279 312.90521240234375 5368
1732329625559 264.2812030150159 5468
1732329625833 234.70391845703125 5490
1732329627109 263.15155437205095 5590
1732329627377 269.71502685546875 5612
1732329628595 265.72334183796795 5712
1732329628906 303.1529541015625 5734
1732329630226 266.5203639870823 5834
1732329630512 285.6879577636719 5856
1732329631710 263.6503436400159 5956
1732329631990 297.9689025878906 5978
1732329633216 266.2297798383354 6078
1732329633543 236.384765625 6100
1732329634840 265.125553999797 6200
1732329635197 248.09686279296875 6222
1732329636421 264.5237973656985 6322
1732329636698 238.933349609375 6344
1732329637898 267.066077355111 6444
1732329638180 265.6131896972656 6466
1732329639367 264.8573256388749 6566
1732329639636 380.4938049316406 6588
1732329640977 263.70508462131613 6688
1732329641237 283.73291015625 6710
1732329642457 263.34169489794436 6810
1732329642735 302.3656311035156 6832
1732329644092 265.56693486884086 6932
1732329644451 249.3662872314453 6954
1732329645819 263.6822310343827 7054
1732329646149 242.75244140625 7076
1732329647431 264.506801794071 7176
1732329647711 285.292724609375 7198
1732329648951 266.3426480434909 7298
1732329649282 233.27786254882812 7320
1732329650588 264.0773986212098 7420
1732329650912 227.29562377929688 7442
1732329652137 264.5918459750638 7542
1732329652418 274.083251953125 7564
1732329653693 264.48525230483256 7664
1732329653975 189.29197692871094 7686
1732329655240 262.30054451215386 7786
1732329655527 246.78504943847656 7808
1732329656876 265.8120609698909 7908
1732329657153 188.34056091308594 7930
1732329658359 265.42330464278115 8030
1732329658646 238.19830322265625 8052
1732329659855 265.7893557406888 8152
1732329660143 286.1378479003906 8174
1732329661453 262.72668109553877 8274
1732329661735 267.3020935058594 8296
1732329662970 264.55666147364246 8396
1732329663249 212.1520538330078 8418
1732329664548 263.6638034027402 8518
1732329664833 277.496337890625 8540
1732329666080 263.95286696028 8640
1732329666468 286.9629821777344 8662
1732329667701 262.05712845301866 8762
1732329667974 306.3075256347656 8784
1732329669216 262.2912011477027 8884
1732329669489 299.439453125 8906
1732329670733 261.60413881811763 9006
1732329671013 293.71356201171875 9028
1732329672353 263.5385586578067 9128
1732329672670 212.04959106445312 9150
1732329673993 263.8158527034344 9250
1732329674267 211.26744079589844 9272
1732329675518 265.4090372217764 9372
1732329675801 247.27149963378906 9394
1732329677217 263.6290692622119 9494
1732329677506 321.18023681640625 9516
1732329678767 263.8046402128616 9616
1732329679050 284.8239440917969 9638
1732329680331 265.3351153383161 9738
1732329680608 201.02549743652344 9760
1732329681844 260.90214070235146 9860
1732329682175 276.0962829589844 9882
1732329683542 264.45061500473776 9982
1732329683812 203.51617431640625 10004
1732329685108 263.20971483287246 10104
1732329685392 322.60186767578125 10126
1732329687215 265.1415308584081 10226
1732329687635 250.54165649414062 10248
1732329689633 263.24277624753444 10348
1732329690089 206.42678833007812 10370
1732329692079 265.1601180274888 10470
1732329692534 344.9034423828125 10492
1732329694599 264.0493881678817 10592
1732329695030 282.26898193359375 10614
1732329697043 262.29064654359723 10714
1732329697414 291.8456115722656 10736
1732329699268 267.1881710845645 10836
1732329699644 309.7269592285156 10858
1732329701446 262.0863590051632 10958
1732329701844 253.35116577148438 10980
1732329703386 263.28679740074836 11080
1732329703747 335.0873107910156 11102
1732329705207 262.7557054274153 11202
1732329705515 278.9656066894531 11224
1732329706931 263.89621651526727 11324
1732329707253 235.76385498046875 11346
1732329708711 263.4071176358969 11446
1732329709029 259.80218505859375 11468
1732329710346 263.7898577699567 11568
1732329710646 318.7574768066406 11590
1732329711985 264.78397180538366 11690
1732329712287 235.3051300048828 11712
1732329713721 262.8481561641882 11812
1732329714077 249.87274169921875 11834
1732329715393 263.8418835932666 11934
1732329715709 240.384033203125 11956
1732329717129 262.59694135307086 12056
1732329717428 309.6687316894531 12078
1732329718748 264.070776759988 12178
